64	0	0.112149
64	0	0
64	0	0
64	0	0
64	0	0
64	0	0
64	0	0
64	0	0
64	0	0
64	0	0
64	0	0
64	0	0
64	0	0
64	0	0
64	0	0
64	0	0
64	0	0
64	0	0
64	0	0
64	0	0
64	1	0.099688
64	1	0
64	1	0
64	1	0
64	1	0
64	1	0
64	1	0
64	1	0
64	1	0
64	1	0
64	1	0
64	1	0
64	1	0
64	1	0
64	1	0
64	1	0
64	1	0
64	1	0
64	1	0
64	1	0
64	2	0.104588
64	2	0
64	2	0
64	2	0
64	2	0
64	2	0
64	2	0
64	2	0
64	2	0
64	2	0
64	2	0
64	2	0
64	2	0
64	2	0
64	2	0
64	2	0
64	2	0
64	2	0
64	2	0
64	2	0
64	3	0.12241
64	3	0
64	3	0
64	3	0
64	3	0
64	3	0
64	3	0
64	3	0
64	3	0
64	3	0
64	3	0
64	3	0
64	3	0
64	3	0
64	3	0
64	3	0
64	3	0
64	3	0
64	3	0
64	3	0
64	4	0.113409
64	4	0
64	4	0
64	4	0
64	4	0
64	4	0
64	4	0
64	4	0
64	4	0
64	4	0
64	4	0
64	4	0
64	4	0
64	4	0
64	4	0
64	4	0
64	4	0
64	4	0
64	4	0
64	4	0
64	5	0.137771
64	5	0
64	5	0
64	5	0
64	5	0
64	5	0
64	5	0
64	5	0
64	5	0
64	5	0
64	5	0
64	5	0
64	5	0
64	5	0
64	5	0
64	5	0
64	5	0
64	5	0
64	5	0
64	5	0
64	6	0.0985679
64	6	0
64	6	0
64	6	0
64	6	0
64	6	0
64	6	0
64	6	0
64	6	0
64	6	0
64	6	0
64	6	0
64	6	0
64	6	0
64	6	0
64	6	0
64	6	0
64	6	0
64	6	0
64	6	0
64	7	0.113409
64	7	0
64	7	0
64	7	0
64	7	0
64	7	0
64	7	0
64	7	0
64	7	0
64	7	0
64	7	0
64	7	0
64	7	0
64	7	0
64	7	0
64	7	0
64	7	0
64	7	0
64	7	0
64	7	0
64	8	0.144492
64	8	0
64	8	0
64	8	0
64	8	0
64	8	0
64	8	0
64	8	0
64	8	0
64	8	0
64	8	0
64	8	0
64	8	0
64	8	0
64	8	0
64	8	0
64	8	0
64	8	0
64	8	0
64	8	0
64	9	0.163309
64	9	0
64	9	0
64	9	0
64	9	0
64	9	0
64	9	0
64	9	0
64	9	0
64	9	0
64	9	0
64	9	0
64	9	0
64	9	0
64	9	0
64	9	0
64	9	0
64	9	0
64	9	0
64	9	0
128	0	0.161293
128	0	0
128	0	0
128	0	0
128	0	0
128	0	0
128	0	0
128	0	0
128	0	0
128	0	0
128	0	0
128	0	0
128	0	0
128	0	0
128	0	0
128	0	0
128	0	0
128	0	0
128	0	0
128	0	0
128	1	0.112149
128	1	0
128	1	0
128	1	0
128	1	0
128	1	0
128	1	0
128	1	0
128	1	0
128	1	0
128	1	0
128	1	0
128	1	0
128	1	0
128	1	0
128	1	0
128	1	0
128	1	0
128	1	0
128	1	0
128	2	0.0952076
128	2	0
128	2	0
128	2	0
128	2	0
128	2	0
128	2	0
128	2	0
128	2	0
128	2	0
128	2	0
128	2	0
128	2	0
128	2	0
128	2	0
128	2	0
128	2	0
128	2	0
128	2	0
128	2	0
128	3	0.157261
128	3	0
128	3	0
128	3	0
128	3	0
128	3	0
128	3	0
128	3	0
128	3	0
128	3	0
128	3	0
128	3	0
128	3	0
128	3	0
128	3	0
128	3	0
128	3	0
128	3	0
128	3	0
128	3	0
128	4	0.206657
128	4	0
128	4	0
128	4	0
128	4	0
128	4	0
128	4	0
128	4	0
128	4	0
128	4	0
128	4	0
128	4	0
128	4	0
128	4	0
128	4	0
128	4	0
128	4	0
128	4	0
128	4	0
128	4	0
128	5	0.103048
128	5	0
128	5	0
128	5	0
128	5	0
128	5	0
128	5	0
128	5	0
128	5	0
128	5	0
128	5	0
128	5	0
128	5	0
128	5	0
128	5	0
128	5	0
128	5	0
128	5	0
128	5	0
128	5	0
128	6	0.0985679
128	6	0
128	6	0
128	6	0
128	6	0
128	6	0
128	6	0
128	6	0
128	6	0
128	6	0
128	6	0
128	6	0
128	6	0
128	6	0
128	6	0
128	6	0
128	6	0
128	6	0
128	6	0
128	6	0
128	7	0.112149
128	7	0
128	7	0
128	7	0
128	7	0
128	7	0
128	7	0
128	7	0
128	7	0
128	7	0
128	7	0
128	7	0
128	7	0
128	7	0
128	7	0
128	7	0
128	7	0
128	7	0
128	7	0
128	7	0
128	8	0.0927434
128	8	0
128	8	0
128	8	0
128	8	0
128	8	0
128	8	0
128	8	0
128	8	0
128	8	0
128	8	0
128	8	0
128	8	0
128	8	0
128	8	0
128	8	0
128	8	0
128	8	0
128	8	0
128	8	0
128	9	0.139451
128	9	0
128	9	0
128	9	0
128	9	0
128	9	0
128	9	0
128	9	0
128	9	0
128	9	0
128	9	0
128	9	0
128	9	0
128	9	0
128	9	0
128	9	0
128	9	0
128	9	0
128	9	0
128	9	0
256	0	0.137771
256	0	0
256	0	0
256	0	0
256	0	0
256	0	0
256	0	0
256	0	0
256	0	0
256	0	0
256	0	0
256	0	0
256	0	0
256	0	0
256	0	0
256	0	0
256	0	0
256	0	0
256	0	0
256	0	0
256	1	0.206657
256	1	0
256	1	0
256	1	0
256	1	0
256	1	0
256	1	0
256	1	0
256	1	0
256	1	0
256	1	0
256	1	0
256	1	0
256	1	0
256	1	0
256	1	0
256	1	0
256	1	0
256	1	0
256	1	0
256	2	0.118449
256	2	0
256	2	0
256	2	0
256	2	0
256	2	0
256	2	0
256	2	0
256	2	0
256	2	0
256	2	0
256	2	0
256	2	0
256	2	0
256	2	0
256	2	0
256	2	0
256	2	0
256	2	0
256	2	0
256	3	0.12817
256	3	0
256	3	0
256	3	0
256	3	0
256	3	0
256	3	0
256	3	0
256	3	0
256	3	0
256	3	0
256	3	0
256	3	0
256	3	0
256	3	0
256	3	0
256	3	0
256	3	0
256	3	0
256	3	0
256	4	0.168013
256	4	0
256	4	0
256	4	0
256	4	0
256	4	0
256	4	0
256	4	0
256	4	0
256	4	0
256	4	0
256	4	0
256	4	0
256	4	0
256	4	0
256	4	0
256	4	0
256	4	0
256	4	0
256	4	0
256	5	0.100808
256	5	0
256	5	0
256	5	0
256	5	0
256	5	0
256	5	0
256	5	0
256	5	0
256	5	0
256	5	0
256	5	0
256	5	0
256	5	0
256	5	0
256	5	0
256	5	0
256	5	0
256	5	0
256	5	0
256	6	0.206657
256	6	0
256	6	0
256	6	0
256	6	0
256	6	0
256	6	0
256	6	0
256	6	0
256	6	0
256	6	0
256	6	0
256	6	0
256	6	0
256	6	0
256	6	0
256	6	0
256	6	0
256	6	0
256	6	0
256	7	0.383071
256	7	0
256	7	0
256	7	0
256	7	0
256	7	0
256	7	0
256	7	0
256	7	0
256	7	0
256	7	0
256	7	0
256	7	0
256	7	0
256	7	0
256	7	0
256	7	0
256	7	0
256	7	0
256	7	0
256	8	0.108369
256	8	0
256	8	0
256	8	0
256	8	0
256	8	0
256	8	0
256	8	0
256	8	0
256	8	0
256	8	0
256	8	0
256	8	0
256	8	0
256	8	0
256	8	0
256	8	0
256	8	0
256	8	0
256	8	0
256	9	0.107109
256	9	0
256	9	0
256	9	0
256	9	0
256	9	0
256	9	0
256	9	0
256	9	0
256	9	0
256	9	0
256	9	0
256	9	0
256	9	0
256	9	0
256	9	0
256	9	0
256	9	0
256	9	0
256	9	0
512	0	0.153228
512	0	0
512	0	0
512	0	0
512	0	0
512	0	0
512	0	0
512	0	0
512	0	0
512	0	0
512	0	0
512	0	0
512	0	0
512	0	0
512	0	0
512	0	0
512	0	0
512	0	0
512	0	0
512	0	0
512	1	0.209177
512	1	0
512	1	0
512	1	0
512	1	0
512	1	0
512	1	0
512	1	0
512	1	0
512	1	0
512	1	0
512	1	0
512	1	0
512	1	0
512	1	0
512	1	0
512	1	0
512	1	0
512	1	0
512	1	0
512	2	0.188175
512	2	0
512	2	0
512	2	0
512	2	0
512	2	0
512	2	0
512	2	0
512	2	0
512	2	0
512	2	0
512	2	0
512	2	0
512	2	0
512	2	0
512	2	0
512	2	0
512	2	0
512	2	0
512	2	0
512	3	0.178934
512	3	0
512	3	0
512	3	0
512	3	0
512	3	0
512	3	0
512	3	0
512	3	0
512	3	0
512	3	0
512	3	0
512	3	0
512	3	0
512	3	0
512	3	0
512	3	0
512	3	0
512	3	0
512	3	0
512	4	0.388111
512	4	0
512	4	0
512	4	0
512	4	0
512	4	0
512	4	0
512	4	0
512	4	0
512	4	0
512	4	0
512	4	0
512	4	0
512	4	0
512	4	0
512	4	0
512	4	0
512	4	0
512	4	0
512	4	0
512	5	0.12385
512	5	0
512	5	0
512	5	0
512	5	0
512	5	0
512	5	0
512	5	0
512	5	0
512	5	0
512	5	0
512	5	0
512	5	0
512	5	0
512	5	0
512	5	0
512	5	0
512	5	0
512	5	0
512	5	0
512	6	0.132731
512	6	0
512	6	0
512	6	0
512	6	0
512	6	0
512	6	0
512	6	0
512	6	0
512	6	0
512	6	0
512	6	0
512	6	0
512	6	0
512	6	0
512	6	0
512	6	0
512	6	0
512	6	0
512	6	0
512	7	0.322586
512	7	0
512	7	0
512	7	0
512	7	0
512	7	0
512	7	0
512	7	0
512	7	0
512	7	0
512	7	0
512	7	0
512	7	0
512	7	0
512	7	0
512	7	0
512	7	0
512	7	0
512	7	0
512	7	0
512	8	0.189519
512	8	0
512	8	0
512	8	0
512	8	0
512	8	0
512	8	0
512	8	0
512	8	0
512	8	0
512	8	0
512	8	0
512	8	0
512	8	0
512	8	0
512	8	0
512	8	0
512	8	0
512	8	0
512	8	0
512	9	0.179438
512	9	0
512	9	0
512	9	0
512	9	0
512	9	0
512	9	0
512	9	0
512	9	0
512	9	0
512	9	0
512	9	0
512	9	0
512	9	0
512	9	0
512	9	0
512	9	0
512	9	0
512	9	0
512	9	0
